# PPO v1.6 500-game benchmark held-out seeds. Never use for training.
910292645
1073365528
89450919
1443180579
1547703876
405202913
268756547
198568710
890683849
1577462139
199756343
236857923
165864505
626484839
184946315
454050786
267389724
792648734
230900315
348977435
628037817
2134303355
1576768027
1054014343
143786229
37912955
440183561
897469613
568078192
483717489
2084701335
1681927012
532037770
238261197
1331310702
250759767
1206878365
289181099
417124329
201810887
627503585
2116194247
1457860088
1472679305
1699048661
229952554
1844246438
1832705960
960556995
727283268
1775452119
1071851773
33427312
809558655
445911046
343507585
733397048
540983213
399527203
1174465953
1225220110
900291430
1488536838
506362125
2094749368
1379223733
220791349
2005351165
333213543
2045901770
1393865081
451180794
1316442947
1976379907
2020956469
1997566477
368177320
1860234795
512573787
1290175190
1020833490
493631728
1766078823
1732530074
1503536933
873958831
1697969533
1826456041
2065911173
900116144
1617240920
510913576
607024948
1434385240
42173466
2088363577
220867893
1405239295
1887534803
1903784344
306363153
883365221
487288059
493510398
204325687
1760330153
1263870967
452520434
1557695977
1697573356
2029948897
131878124
747393896
1872967863
970176173
1198156754
195091330
537798335
1281103849
1224796067
1906148247
597691575
1874703027
976415384
1723400355
1037018719
86773279
1039838959
931108558
855955155
225918725
400815009
1061123616
1865603339
1959523571
97579979
851528438
1292227118
1285202216
1488574000
152725380
2042941476
231434109
345943845
222502923
872877486
1039972566
938001114
706560546
48834312
1491513793
325552581
1610792352
617216463
1615250642
1074968353
150005202
1733731705
1525408465
72725679
1552971811
1290622952
1159916522
1136788878
1433781794
978002658
1033292317
598248685
849672426
1894985040
756921875
89058067
1807174510
1187547423
1320666262
1829071807
1630016586
877280373
970849890
1506895356
1927121939
1553980370
582650560
1679340648
239712652
527534656
1911777297
1734624603
1676814883
725078216
562085730
1131876632
537956298
316201234
1183487185
749929641
1869346879
127832916
902170405
1994225889
175927497
1045867449
2022057003
1434352016
585901409
1834766496
1640442489
1634870688
1113920492
1360515746
1258166259
2105951029
928722820
1658113095
2061685055
912120631
1265248207
361279417
1751524367
1401537067
1418429716
799703735
1480437360
378483341
1125968382
956145599
385668005
44533512
46027105
1276294457
998868711
1088706237
1866440490
1567450199
97221178
711714543
1876804094
1465289132
1450293180
1282683227
153540213
573555926
758926822
233090589
848994986
1406533505
2083319950
1573084734
1498920641
1379226987
377865183
1351634622
2054159055
549310974
809436445
989163077
739482469
85080665
940047151
686564811
1202351277
805448245
1748289107
1998607838
1243590270
735538579
835611058
1743522764
1703215114
1632826146
1206081372
472237642
1991787724
594865367
742286420
143129625
555235976
1199882936
1915244066
1575306536
1373342633
1949538300
1282384113
747393848
1870650855
795032649
1488227989
630297575
1693415776
1055383888
1828583514
1681945300
1414817818
395950784
335836164
1940904888
1150780979
389140360
154857251
1871271461
687533817
732599669
705407150
207830818
1305300541
992211631
1867344607
112925319
704577363
955371834
1689963336
1906377114
907912297
2135704158
475452936
430938167
1289654415
1652307229
979601479
900569516
2027124262
1222875447
1537697048
549429100
69045650
7951006
1550921460
1102377593
371502690
1317896540
1275807259
1103654170
1863608941
177218181
1071449050
2068421849
1833873108
1465383281
1699992265
681504651
1756503675
1239545071
890749527
452837583
1834409827
1603542366
692976718
1473868906
1140220063
1704272110
1115472534
1117207483
1113068429
1032771966
1250189328
1451087541
972577412
1144247585
695774695
1243546912
790088208
1185801295
785183807
668661794
294243764
2131374433
1928694867
171376566
411209142
285144261
975929108
1872691676
523255378
1505179071
684707290
1732268260
1750415221
1549041676
557637303
1150221615
1305368127
2107171790
1874018582
149825494
1648981425
1500990120
343316387
94012978
467514927
1654878541
545351505
807952929
245322592
742008874
1778092188
1809087299
1177988421
1607064825
1074386994
4512324
918543457
2063836885
1703891505
2070641402
1599733621
1524640465
1655303325
1722747146
1718221785
170369301
1181644208
1981900048
48226805
83830807
737693749
1788607072
419428524
1905941735
1366569058
1399813819
1987387741
804167027
32157145
1774353161
1711141330
1987109516
258869934
1850725868
1068659028
535256001
966667214
1468404978
1531440156
1318189595
389479635
1499615247
548814861
483885939
1626016697
1072166684
202110664
65653623
1627656508
770588526
514488859
1390818881
1584432237
1645907969
1318567187
1436353891
581645419
404819671
1096634788
185952998
1803005645
1815727826
1747803835
48879596
1529934110
1634287127
862134872
26811099
1413404335
885189595
504815886
470690597
328822527
540565840
1727351590
641038821
493058868
2030841174
253308251
1818181650
2084741554
1475854714
360393916
1957178536
717028785
702542036
1492349979
2034381341
1489501395
1969336485
1330349333
1089157002
2997688
819993099
1615783972
1049537019
914727772
413016245
1616467294
1821918576
2081270152
1411533238
759779482
589652156
350964938
2077514662
