204649708
575112280
819821998
629826649
83022051
1464155861
1155996014
1517184358
416298711
775337168
877464625
1534778470
1871348801
1471603354
912760990
561911116
340314283
797023820
1539121695
1532877201
1814329361
210168749
1461575655
1478122438
1468675258
1114579075
1610529442
1420389911
1343186166
605978586
1965512422
547631325
979529173
1707076702
1896025666
381504179
931123015
1527521253
764000814
1644592867
1114892451
819839713
397712946
1670926309
1910881744
1684466168
535517898
1351445872
1841445657
1600534635
1309025730
166861111
575036746
554228732
1430394194
1318070507
1730953759
616660742
910897795
578118978
1915694258
711484554
832250652
859736657
1761648737
497204495
55430681
779878175
1550740446
687351763
1736382884
1956714482
452609223
1965650145
1313535714
1833733670
1753821628
785235067
1609799605
1576489321
