1101694633
147095025
185882187
327401458
809853450
1608018677
814306075
2122574166
528088734
314369904
302968567
1927698443
1262178423
1989201748
776948726
613051678
2143623314
109089312
275577259
2075352491
1034288796
1702547160
373929210
1934067561
1558661073
771830664
840276068
2078609707
1653570666
1998508467
1010061368
459901022
1560277275
700895008
59104164
452149770
1929905278
1127643842
843534102
97640724
104635817
623295768
809687155
251591257
486950438
105407595
1083423013
1344033925
92238917
1188417589
